












<svg xmlns="http://www.w3.org/2000/svg" viewBox="0 0 135.9 54.2"><defs><style>.cls-1{fill:#fff;}.cls-2{fill:#91c30c;}.cls-3{fill:#48515d;}</style></defs><title>Ресурс 1</title><g id="Слой_2" data-name="Слой 2"><g id="Слой_1-2" data-name="Слой 1"><path class="cls-1" d="M1.3,0H134.6a1.32,1.32,0,0,1,1.3,1.3V52.9a1.32,1.32,0,0,1-1.3,1.3H1.3A1.32,1.32,0,0,1,0,52.9V1.3A1.32,1.32,0,0,1,1.3,0Z"/><rect class="cls-2" x="8.12" y="8.28" width="37.65" height="37.65"/><path class="cls-2" d="M53.45,17.4v-1h2.47v2.27a3.08,3.08,0,0,1-1.05.61,3.65,3.65,0,0,1-1.38.27,3.13,3.13,0,0,1-1.56-.38,2.36,2.36,0,0,1-1-1.07,3.27,3.27,0,0,1-.33-1.51A3.21,3.21,0,0,1,51,15a2.46,2.46,0,0,1,1.09-1,2.85,2.85,0,0,1,1.35-.28,2.65,2.65,0,0,1,1.65.44,2,2,0,0,1,.77,1.22l-1.14.21a1.32,1.32,0,0,0-.45-.64,1.39,1.39,0,0,0-.83-.24,1.54,1.54,0,0,0-1.19.49,2,2,0,0,0-.44,1.41,2.22,2.22,0,0,0,.45,1.51,1.48,1.48,0,0,0,1.18.5,2.26,2.26,0,0,0,.72-.15,2.51,2.51,0,0,0,.61-.31V17.4Z"/><path class="cls-2" d="M56.75,16.66A3.56,3.56,0,0,1,57,15.18a2.42,2.42,0,0,1,.52-.74,2.23,2.23,0,0,1,.73-.49,3.06,3.06,0,0,1,1.23-.23,2.68,2.68,0,0,1,2,.78,3,3,0,0,1,.76,2.16,2.77,2.77,0,0,1-2.5,3,2.82,2.82,0,0,1-2.26-.85A2.92,2.92,0,0,1,56.75,16.66Zm1.17,0a2.14,2.14,0,0,0,.45,1.48,1.53,1.53,0,0,0,2.16.09h0l.09-.09a2.18,2.18,0,0,0,.44-1.48,2.17,2.17,0,0,0-.43-1.48,1.58,1.58,0,0,0-2.24,0h0l0,0a2.18,2.18,0,0,0-.44,1.48h0Z"/><path class="cls-2" d="M63.13,13.79h2.1a3.93,3.93,0,0,1,1.08.11,1.91,1.91,0,0,1,.85.54,2.38,2.38,0,0,1,.54.92,4,4,0,0,1,.19,1.34,3.81,3.81,0,0,1-.17,1.21,2.46,2.46,0,0,1-.61,1,2.07,2.07,0,0,1-.8.46,3.85,3.85,0,0,1-1,.11H63.14V13.79h0Zm1.15,1v3.76h.85a3.3,3.3,0,0,0,.7-.05,1,1,0,0,0,.46-.24,1.22,1.22,0,0,0,.3-.6,3.65,3.65,0,0,0,.12-1,3.25,3.25,0,0,0-.12-1,1.27,1.27,0,0,0-.32-.55,1.11,1.11,0,0,0-.54-.27,5.86,5.86,0,0,0-.94-.05H64.3Z"/><path class="cls-2" d="M74,19.46H72.73l-.49-1.28H70l-.5,1.28h-1.2l2.22-5.67h1.24Zm-2.11-2.24-.79-2.1-.76,2.1Z"/><path class="cls-2" d="M74.58,13.79h2.1a4,4,0,0,1,1.08.11,1.86,1.86,0,0,1,.86.54,2.38,2.38,0,0,1,.54.92,4,4,0,0,1,.19,1.34,3.71,3.71,0,0,1-.19,1.19,2.59,2.59,0,0,1-.6,1,2.09,2.09,0,0,1-.81.45,3.45,3.45,0,0,1-1,.12H74.58V13.79Zm1.15,1v3.76h.85a3.21,3.21,0,0,0,.69-.05,1.05,1.05,0,0,0,.47-.24,1.23,1.23,0,0,0,.3-.55,3.65,3.65,0,0,0,.12-1,3.25,3.25,0,0,0-.12-1,1.29,1.29,0,0,0-.33-.55,1.08,1.08,0,0,0-.53-.27,5.93,5.93,0,0,0-.94,0h-.49Z"/><path class="cls-2" d="M80.3,13.79h2.1a4,4,0,0,1,1.08.11,2,2,0,0,1,.85.54,2.51,2.51,0,0,1,.54.92,4,4,0,0,1,.19,1.34,3.81,3.81,0,0,1-.17,1.21,2.57,2.57,0,0,1-.61,1,2.07,2.07,0,0,1-.8.46,3.89,3.89,0,0,1-1,.11H80.31V13.79h0Zm1.14,1v3.76h.88a3.21,3.21,0,0,0,.69-.05,1.11,1.11,0,0,0,.47-.24,1.23,1.23,0,0,0,.3-.55,3.32,3.32,0,0,0,.11-1,3.6,3.6,0,0,0-.11-1,1.29,1.29,0,0,0-.33-.55,1.08,1.08,0,0,0-.53-.27,5.93,5.93,0,0,0-.94,0h-.5Z"/><path class="cls-2" d="M87.49,19.46V17.07l-2.07-3.28h1.33L88.09,16l1.31-2.24h1.3l-2.09,3.29v2.38Z"/><path class="cls-2" d="M90.45,19.46V18.38h1.09v1.09H90.45Z"/><path class="cls-2" d="M96.26,17.4l1.09.33a2.52,2.52,0,0,1-.84,1.38,2.69,2.69,0,0,1-3.37-.32,3,3,0,0,1-.72-2.13,3.13,3.13,0,0,1,.74-2.18,2.5,2.5,0,0,1,1.93-.78,2.34,2.34,0,0,1,1.69.61,2.24,2.24,0,0,1,.58,1l-1.13.27a1.17,1.17,0,0,0-1.2-.93,1.27,1.27,0,0,0-1,.45,2.21,2.21,0,0,0-.39,1.48A2.36,2.36,0,0,0,94,18.15a1.23,1.23,0,0,0,1,.46,1.11,1.11,0,0,0,.78-.29A1.68,1.68,0,0,0,96.26,17.4Z"/><path class="cls-2" d="M98.13,16.66a3.56,3.56,0,0,1,.26-1.48,2.45,2.45,0,0,1,.53-.74,2.23,2.23,0,0,1,.73-.49,3,3,0,0,1,1.22-.23,2.69,2.69,0,0,1,2,.78,3,3,0,0,1,.75,2.16,2.92,2.92,0,0,1-.74,2.15,3,3,0,0,1-4,0A2.94,2.94,0,0,1,98.13,16.66Zm1.18,0a2.08,2.08,0,0,0,.44,1.48,1.53,1.53,0,0,0,2.16.09h0l.09-.09a2.13,2.13,0,0,0,.44-1.48,2.12,2.12,0,0,0-.43-1.48,1.57,1.57,0,0,0-2.23,0h0l0,0a2.12,2.12,0,0,0-.41,1.48h0Z"/><path class="cls-2" d="M104.5,19.46V13.79h1.72l1,3.85,1-3.87H110v5.69h-1V15l-1.12,4.46h-1.11L105.59,15v4.46Z"/><path class="cls-3" d="M49.72,31.64,52,31.41a2.71,2.71,0,0,0,.84,1.69,2.48,2.48,0,0,0,1.71.57,2.63,2.63,0,0,0,1.71-.5,1.41,1.41,0,0,0,.57-1.12,1,1,0,0,0-.24-.7,1.93,1.93,0,0,0-.84-.49c-.28-.1-.9-.26-1.88-.5a6.23,6.23,0,0,1-2.65-1.15,3,3,0,0,1-1.07-2.34,3,3,0,0,1,.5-1.66,3.19,3.19,0,0,1,1.45-1.16,5.9,5.9,0,0,1,2.28-.4,4.87,4.87,0,0,1,3.3,1,3.43,3.43,0,0,1,1.17,2.57l-2.35.1A2,2,0,0,0,55.85,26a2.33,2.33,0,0,0-1.48-.39,2.61,2.61,0,0,0-1.6.42.82.82,0,0,0-.37.71.9.9,0,0,0,.35.71,6.09,6.09,0,0,0,2.16.78,11.39,11.39,0,0,1,2.53.84,3.33,3.33,0,0,1,1.29,1.18,3.65,3.65,0,0,1-.1,3.72,3.28,3.28,0,0,1-1.57,1.3,6.63,6.63,0,0,1-2.53.42,5,5,0,0,1-3.39-1A4.47,4.47,0,0,1,49.72,31.64Z"/><path class="cls-3" d="M61.16,35.42V23.81h8.62v2H63.5v2.58h5.84v2H63.5v3.16H70v2H61.16Z"/><path class="cls-3" d="M79.44,31.14l2.28.72A5.16,5.16,0,0,1,80,34.69,5.48,5.48,0,0,1,73.07,34a6.11,6.11,0,0,1-1.48-4.33,6.45,6.45,0,0,1,1.48-4.51,5.19,5.19,0,0,1,4-1.61,4.88,4.88,0,0,1,3.45,1.27A4.61,4.61,0,0,1,81.66,27l-2.33.56a2.39,2.39,0,0,0-2.46-2,2.64,2.64,0,0,0-2.1.92,4.54,4.54,0,0,0-.8,3,4.88,4.88,0,0,0,.79,3.14,2.56,2.56,0,0,0,2.06.93A2.37,2.37,0,0,0,78.43,33,3.48,3.48,0,0,0,79.44,31.14Z"/><path class="cls-3" d="M83.71,23.81h2.35v6.28A12.55,12.55,0,0,0,86.15,32a1.84,1.84,0,0,0,.72,1.14,2.45,2.45,0,0,0,1.55.44,2.37,2.37,0,0,0,1.51-.41,1.57,1.57,0,0,0,.61-1,12.94,12.94,0,0,0,.1-2V23.83H93v6.09a15.45,15.45,0,0,1-.19,3,3.43,3.43,0,0,1-.7,1.48,3.58,3.58,0,0,1-1.37.94,5.75,5.75,0,0,1-2.25.36A6.41,6.41,0,0,1,86,35.28a3.7,3.7,0,0,1-1.36-1A3.13,3.13,0,0,1,83.93,33a14,14,0,0,1-.23-3V23.81h0Z"/><path class="cls-3" d="M95.47,35.42V23.81h4.93a8.25,8.25,0,0,1,2.71.31,2.65,2.65,0,0,1,1.35,1.12,3.36,3.36,0,0,1,.5,1.83,3.14,3.14,0,0,1-.74,2.16,3.69,3.69,0,0,1-2.31,1.07,5.51,5.51,0,0,1,1.26,1,13.6,13.6,0,0,1,1.33,1.88l1.42,2.27h-2.81l-1.69-2.51a14.89,14.89,0,0,0-1.24-1.71,1.84,1.84,0,0,0-.7-.5,4,4,0,0,0-1.18-.13h-.5v4.86H95.46Zm2.35-6.71h1.75a8.75,8.75,0,0,0,2.11-.15,1.25,1.25,0,0,0,.66-.49,1.49,1.49,0,0,0,.24-.87,1.32,1.32,0,0,0-1.2-1.4H97.84v2.93Z"/><path class="cls-3" d="M107.21,35.42V23.81h8.63v2h-6.29v2.58h5.83v2h-5.83v3.16H116v2h-8.83Z"/><path class="cls-3" d="M118,23.81h4.29a8.22,8.22,0,0,1,2.21.22,3.87,3.87,0,0,1,1.76,1.07A5.12,5.12,0,0,1,127.4,27a8.83,8.83,0,0,1,.38,2.75,7.94,7.94,0,0,1-.36,2.47,5,5,0,0,1-1.25,2,4,4,0,0,1-1.65.93,6.94,6.94,0,0,1-2.08.25H118V23.81h0Zm2.34,2v7.68h1.76a6.8,6.8,0,0,0,1.42-.11,2.25,2.25,0,0,0,.94-.5,2.44,2.44,0,0,0,.62-1.12,7.66,7.66,0,0,0,.24-2.13,7.2,7.2,0,0,0-.24-2.07,2.73,2.73,0,0,0-.64-1.12,2.25,2.25,0,0,0-1.09-.54,10.38,10.38,0,0,0-1.93-.12h-1.07Z"/><path class="cls-1" d="M30.94,15.92c-2.11,0-4.82-1.78-4.83-1.78h0s-2.71,1.78-4.82,1.78h-7a10.79,10.79,0,0,1,1.23,4.22V31.78A8.9,8.9,0,0,0,19.75,38c4,2.65,5.62,2.63,6.36,3.39h0c.76-.76,2.36-.74,6.35-3.39a8.91,8.91,0,0,0,4.25-6.24V20.14a10.79,10.79,0,0,1,1.23-4.22Z"/><path class="cls-2" d="M31.78,25H31V23.91A4.92,4.92,0,0,0,26.11,19h0a4.93,4.93,0,0,0-4.93,4.93V25h-.73a.71.71,0,0,0-.71.7v8.35a.71.71,0,0,0,.71.71H31.78a.71.71,0,0,0,.71-.7V25.75a.71.71,0,0,0-.71-.71ZM27,29.86l.45,2.91a.24.24,0,0,1-.2.27H25.42a.23.23,0,0,1-.23-.24v0l.45-2.91a.26.26,0,0,0-.1-.23,1.31,1.31,0,0,1-.3-1.83,1.32,1.32,0,1,1,2.14,1.53,1.22,1.22,0,0,1-.3.3.27.27,0,0,0-.12.23h0ZM29.57,25H22.7V23.91a3.42,3.42,0,0,1,6.83,0V25h0Z"/></g></g></svg>

<svg xmlns="http://www.w3.org/2000/svg" viewBox="0 0 136.1 54"><defs><style>.cls-1{fill:#fff;}.cls-2{fill:#bbbaba;}.cls-3{fill:#969594;}.cls-4{fill:#efba44;}.cls-5{fill:#201600;}.cls-6{fill:#999;}</style></defs><title>Ресурс 1</title><g id="Слой_2" data-name="Слой 2"><g id="Слой_1-2" data-name="Слой 1"><path class="cls-1" d="M1.3,0H134.8a1.32,1.32,0,0,1,1.3,1.3h0V52.7a1.32,1.32,0,0,1-1.3,1.3H1.3A1.32,1.32,0,0,1,0,52.7H0V1.3A1.32,1.32,0,0,1,1.3,0Z"/><path class="cls-2" d="M100.2,39.53h-63a16.47,16.47,0,0,1,0-32.93h63a16.47,16.47,0,0,1,0,32.93M37.16,8a15.22,15.22,0,0,0,0,30.43h63A15.22,15.22,0,0,0,100.2,8Z"/><polygon class="cls-3" points="112.92 6.66 112.92 7.1 112.33 7.1 112.33 9.17 111.73 9.17 111.73 7.1 111.15 7.1 111.15 6.66 112.92 6.66"/><polygon class="cls-3" points="113.21 9.17 113.21 6.66 113.8 6.66 114.24 8.29 114.69 6.66 115.28 6.66 115.28 9.17 114.98 9.17 114.98 7.25 114.98 7.25 114.39 9.17 114.09 9.17 113.65 7.25 113.65 7.25 113.65 9.17 113.21 9.17"/><path class="cls-4" d="M37.16,40.86A17.73,17.73,0,1,1,54.89,23.13v.07h0A17.77,17.77,0,0,1,37.16,40.86m0-29.82a12.19,12.19,0,0,0-8.55,3.57,12.45,12.45,0,0,0-3.55,8.55,12.21,12.21,0,0,0,3.55,8.56,12.39,12.39,0,0,0,8.55,3.54,12.2,12.2,0,0,0,8.56-3.54,12.47,12.47,0,0,0,3.52-8.63A12.08,12.08,0,0,0,37.16,11h0"/><rect class="cls-4" x="56.37" y="2.67" width="1.33" height="1.33"/><rect class="cls-4" x="52.52" y="4" width="1.33" height="1.33"/><rect class="cls-5" x="50.02" y="6.66" width="1.33" height="1.33"/><rect class="cls-5" x="53.85" y="5.47" width="1.48" height="1.33"/><rect class="cls-5" x="48.69" y="5.47" width="1.33" height="1.19"/><rect class="cls-5" x="52.52" y="6.66" width="1.33" height="1.33"/><rect class="cls-5" x="52.52" y="2.67" width="2.51" height="1.33"/><rect class="cls-5" x="51.19" y="4" width="1.33" height="2.66"/><path class="cls-5" d="M51.19,8V9.31H49.86V8H47.64v.86h-1v1.24H48v1.33H46.64V10.09H45.3v2H44v1.33h-.89v1.34h-.89a92.21,92.21,0,0,0-4.57,8.55c-3-4-5.17-5.61-6.94-6.23-.89-.29-2.07.74-.61,2.36A27.67,27.67,0,0,1,36,29.51c.61,1.34,3.25,1.63,3.69.15a49.25,49.25,0,0,1,4.75-9.14V19.06h1V17.73h1.21V16.27H48V14.78H46.62V13.45H48v1.33h1.33V13.45h1V11.82H51.5v-1h1V8H51.19Z"/><path class="cls-3" d="M32.08,45.47h1v.72a1.65,1.65,0,0,1,1.48-.73,1.94,1.94,0,0,1,1.94,1.95,1.1,1.1,0,0,1,0,.26h0a2,2,0,0,1-1.77,2.23h-.1a1.65,1.65,0,0,1-1.48-.73v1.77H32.08Zm3.46,2.06h0a1.23,1.23,0,0,0-1.11-1.34h0a1.34,1.34,0,0,0-1.19,1.34h0a1.18,1.18,0,0,0,1,1.31,1.19,1.19,0,0,0,1.32-1.05,1.13,1.13,0,0,0,0-.26"/><path class="cls-3" d="M37.32,47.55h0a2.28,2.28,0,0,1,2.22-2.22,2.18,2.18,0,0,1,2.21,2.14h0v.08h0a2.22,2.22,0,0,1-4.43,0m3.55,0h0a1.34,1.34,0,1,0-2.67,0h0a1.34,1.34,0,0,0,1.34,1.33h0a1.23,1.23,0,0,0,1.33-1.11.81.81,0,0,0,0-.22"/><polygon class="cls-3" points="42.34 45.5 43.36 45.5 44.11 48.3 45.15 45.5 45.88 45.5 46.91 48.3 47.8 45.5 48.69 45.5 47.35 49.77 46.47 49.77 45.43 46.82 44.55 49.77 43.67 49.77 42.34 45.5"/><path class="cls-3" d="M49.27,47.55h0a2.17,2.17,0,0,1,2.07-2.22,2.06,2.06,0,0,1,2.08,2v0h0v.5H50.33a1.11,1.11,0,0,0,1.17,1,1.92,1.92,0,0,0,1.19-.44l.61.41a2.2,2.2,0,0,1-1.77.73,1.9,1.9,0,0,1-2.23-1.52,1.68,1.68,0,0,1,0-.55m3.08-.29a1.12,1.12,0,0,0-1-1.17,1,1,0,0,0-1.05,1,.66.66,0,0,0,0,.14h2Z"/><path class="cls-3" d="M54.29,45.47h1v.9a1.6,1.6,0,0,1,1.48-1v1h0a1.43,1.43,0,0,0-1.49,1.39.87.87,0,0,0,0,.23v1.63h-1V45.47Z"/><path class="cls-3" d="M57.42,47.55h0a2.16,2.16,0,0,1,2.07-2.22,2.06,2.06,0,0,1,2.07,2h0v.5H58.45a1.12,1.12,0,0,0,1.18,1,1.92,1.92,0,0,0,1.19-.44l.6.44a2.21,2.21,0,0,1-1.78.73,1.9,1.9,0,0,1-2.21-1.54,2.27,2.27,0,0,1,0-.52m3.08-.29a1.13,1.13,0,0,0-1.06-1.18,1.05,1.05,0,0,0-1,1.06.57.57,0,0,0,0,.13h2.1Z"/><path class="cls-3" d="M62.27,47.55h0a1.94,1.94,0,0,1,1.66-2.2l.26,0a1.64,1.64,0,0,1,1.48.74v-2.2h1.09V49.8H65.68v-.74a1.65,1.65,0,0,1-1.48.73,2,2,0,0,1-2-1.95,1.53,1.53,0,0,1,0-.3m3.4,0h0a1.23,1.23,0,0,0-1.12-1.34h0a1.14,1.14,0,0,0-1.2,1.06.88.88,0,0,0,0,.28h0a1.18,1.18,0,0,0,1,1.31,1.2,1.2,0,0,0,1.32-1.05,1.13,1.13,0,0,0,0-.26"/><path class="cls-3" d="M71.13,49.06v.63h-.9V43.75h1v2.37a1.64,1.64,0,0,1,1.48-.73,2,2,0,0,1,1.92,2h0v.18h0a2,2,0,0,1-1.79,2.21h-.13A1.73,1.73,0,0,1,71.13,49m2.51-1.48h0a1.23,1.23,0,0,0-1.11-1.34h0a1.34,1.34,0,0,0-1.19,1.34h0a1.19,1.19,0,0,0,2.36.26,1.13,1.13,0,0,0,0-.26"/><path class="cls-3" d="M75.27,50.82l.29-.73a.71.71,0,0,0,.61.14.6.6,0,0,0,.62-.43l-1.86-4.31h1l1.18,3.06,1-3.08h1.05L77.6,49.78A1.33,1.33,0,0,1,76.27,51a2.17,2.17,0,0,1-1-.15"/><path d="M58.37,18.63l1.85-.18a2.29,2.29,0,0,0,.67,1.34,2,2,0,0,0,1.33.43,2.12,2.12,0,0,0,1.36-.4,1.11,1.11,0,0,0,.53-.85.82.82,0,0,0-.2-.58,1.62,1.62,0,0,0-.68-.4c-.22-.08-.72-.21-1.51-.4a5.14,5.14,0,0,1-2.17-.91,2.47,2.47,0,0,1-.86-1.88,2.39,2.39,0,0,1,.45-1.34,2.57,2.57,0,0,1,1.17-.94,4.69,4.69,0,0,1,1.85-.32,4,4,0,0,1,2.67.77A2.66,2.66,0,0,1,65.77,15l-1.93.08a1.6,1.6,0,0,0-.54-1,1.92,1.92,0,0,0-1.21-.32,2.17,2.17,0,0,0-1.33.33.71.71,0,0,0-.31.58.73.73,0,0,0,.29.57,4.84,4.84,0,0,0,1.74.58,9,9,0,0,1,2,.68,2.69,2.69,0,0,1,1,.94,3,3,0,0,1-.08,3,2.57,2.57,0,0,1-1.27,1.05,5.24,5.24,0,0,1-2,.34,4.08,4.08,0,0,1-2.67-.82A3.57,3.57,0,0,1,58.37,18.63Z"/><path d="M71.16,19.52l1.79.3a3,3,0,0,1-1.11,1.51,3.2,3.2,0,0,1-1.85.51,3,3,0,0,1-2.67-1.17,3.78,3.78,0,0,1-.68-2.31,3.69,3.69,0,0,1,.88-2.66,2.91,2.91,0,0,1,2.23-1,3,3,0,0,1,2.38,1A4.37,4.37,0,0,1,73,18.82H68.53A1.83,1.83,0,0,0,69,20.05a1.35,1.35,0,0,0,1,.44,1.08,1.08,0,0,0,.76-.19A1.47,1.47,0,0,0,71.16,19.52Zm.11-1.82a1.73,1.73,0,0,0-.43-1.19A1.33,1.33,0,0,0,69,16.42h0l-.08.08a1.62,1.62,0,0,0-.37,1.16h2.67Z"/><path d="M80.1,16.92l-1.78.32a1.33,1.33,0,0,0-.4-.8,1.21,1.21,0,0,0-.82-.27,1.3,1.3,0,0,0-1.06.47,2.41,2.41,0,0,0-.41,1.54A2.78,2.78,0,0,0,76,19.89a1.31,1.31,0,0,0,1.09.5A1.25,1.25,0,0,0,78,20.1a1.82,1.82,0,0,0,.47-1l1.74.28a3.08,3.08,0,0,1-1.05,1.85,3.26,3.26,0,0,1-2.09.62,3.12,3.12,0,0,1-2.38-.94,3.65,3.65,0,0,1-.89-2.67,3.64,3.64,0,0,1,.89-2.66,3.18,3.18,0,0,1,2.4-.94,3.31,3.31,0,0,1,2,.53A3,3,0,0,1,80.1,16.92Z"/><path d="M85.59,21.68v-1a2.79,2.79,0,0,1-2.31,1.18,2.42,2.42,0,0,1-1.23-.31,1.77,1.77,0,0,1-.78-.84A3.69,3.69,0,0,1,81,19.19V14.84h1.78V18a9.3,9.3,0,0,0,.1,1.75,1,1,0,0,0,.36.5,1.14,1.14,0,0,0,.67.19,1.45,1.45,0,0,0,.83-.23,1.36,1.36,0,0,0,.5-.61,7.18,7.18,0,0,0,.13-1.85V14.89h1.79v6.77H85.61Z"/><path d="M90.51,21.68H88.74V14.89H90.4v1a2.87,2.87,0,0,1,.8-.9,1.5,1.5,0,0,1,.78-.21,2.33,2.33,0,0,1,1.18.33l-.56,1.56a1.6,1.6,0,0,0-.85-.28,1,1,0,0,0-.61.21,1.43,1.43,0,0,0-.41.75,10.23,10.23,0,0,0-.15,2.21v2.09h0Z"/><path d="M97.44,19.52l1.78.3a2.91,2.91,0,0,1-1.09,1.51,3.2,3.2,0,0,1-1.85.51,3,3,0,0,1-2.67-1.17,3.78,3.78,0,0,1-.68-2.31,3.69,3.69,0,0,1,.88-2.66,2.89,2.89,0,0,1,2.29-1,3,3,0,0,1,2.39,1,4.47,4.47,0,0,1,.84,3.08H94.87a1.89,1.89,0,0,0,.44,1.23,1.38,1.38,0,0,0,1,.44,1.06,1.06,0,0,0,.71-.23A1.46,1.46,0,0,0,97.44,19.52Zm.1-1.82a1.72,1.72,0,0,0-.4-1.19,1.33,1.33,0,0,0-1.83-.09h0l-.08.08a1.62,1.62,0,0,0-.37,1.16h2.67Z"/><path d="M106.77,21.68h-1.71v-1a2.61,2.61,0,0,1-1,.87,2.49,2.49,0,0,1-1.14.28,2.6,2.6,0,0,1-2-.95,3.81,3.81,0,0,1-.82-2.66,3.78,3.78,0,0,1,.81-2.67,2.67,2.67,0,0,1,2-.89,2.5,2.5,0,0,1,2,1V12.33h1.81v9.31h0v0Zm-4.83-3.5a3.07,3.07,0,0,0,.31,1.58,1.34,1.34,0,0,0,1.81.55,1.22,1.22,0,0,0,.45-.39,2.46,2.46,0,0,0,.43-1.58,2.63,2.63,0,0,0-.41-1.68,1.38,1.38,0,0,0-2-.19,1.21,1.21,0,0,0-.2.19,2.36,2.36,0,0,0-.47,1.51h0Z"/><path class="cls-6" d="M60.09,31.62V25.19h2.4a5.35,5.35,0,0,1,1,0,1.94,1.94,0,0,1,.78.29,1.67,1.67,0,0,1,.51.61,2.1,2.1,0,0,1-.33,2.27,2.52,2.52,0,0,1-1.88.62H60.9v2.66h-.83v0ZM61,28.26h1.62A1.8,1.8,0,0,0,63.76,28a1.08,1.08,0,0,0,.32-.87,1.14,1.14,0,0,0-.2-.69.94.94,0,0,0-.53-.39,3.48,3.48,0,0,0-.79,0H60.91v2.3h0Z"/><path class="cls-6" d="M64.68,31.62l2.46-6.43h1l2.66,6.43H69.69L69,29.67H66.28l-.7,1.95h-.9ZM66.53,29H68.7l-.59-1.76c-.21-.54-.36-1-.46-1.33a8.85,8.85,0,0,1-.34,1.22Z"/><path class="cls-6" d="M72.5,31.62V28.85L70,25.16h1l1.27,1.93c.23.37.45.73.65,1.09.2-.34.43-.72.71-1.14l1.22-1.88h1l-2.56,3.69v2.67h-.86v.1Z"/><path class="cls-6" d="M76.66,31.62V25.19H78l1.51,4.53c.14.4.25.72.31.94.07-.23.19-.57.35-1l1.53-4.46h1v6.43h-.82V26.28l-1.85,5.33h-.76l-1.9-5.43v5.47h-.75v0Z"/><path class="cls-6" d="M84.16,31.62V25.19H88.8V26H85v2h3.56v.75H85v2.19h4v.74H84.18Z"/><path class="cls-6" d="M90.11,31.62V25.19H91l3.38,5v-5h.82V31.6h-.88l-3.35-5v5h-.84Z"/><path class="cls-6" d="M98.24,31.62V26H96.1v-.76h5.08V26H99.09V31.6h-.85Z"/><path class="cls-6" d="M101.76,29.55l.8-.08a1.63,1.63,0,0,0,.25.78,1.42,1.42,0,0,0,.65.51,2.48,2.48,0,0,0,1,.18,2.23,2.23,0,0,0,.85-.14,1.16,1.16,0,0,0,.56-.41.83.83,0,0,0,.17-.54.81.81,0,0,0-.17-.54,1.29,1.29,0,0,0-.61-.38,11.43,11.43,0,0,0-1.15-.3,5.52,5.52,0,0,1-1.23-.4,1.71,1.71,0,0,1-.67-.61,1.43,1.43,0,0,1-.23-.8,1.57,1.57,0,0,1,1.08-1.52,3,3,0,0,1,1.19-.23,3.25,3.25,0,0,1,1.23.24,1.93,1.93,0,0,1,.84.68,2,2,0,0,1,.32,1h-.82a1.32,1.32,0,0,0-.37-.82,2.31,2.31,0,0,0-2.24,0,.84.84,0,0,0-.35.68.73.73,0,0,0,.24.61,3.34,3.34,0,0,0,1.33.45,8.56,8.56,0,0,1,1.42.41,1.86,1.86,0,0,1,.82.65,1.62,1.62,0,0,1,.27.91,1.74,1.74,0,0,1-.29,1,2,2,0,0,1-.8.69,2.9,2.9,0,0,1-1.23.24,3.7,3.7,0,0,1-1.47-.25,2,2,0,0,1-.92-.76A2.12,2.12,0,0,1,101.76,29.55Z"/><path class="cls-3" d="M82.63,49.94v-6h1.94A7.63,7.63,0,0,1,86,44a1.64,1.64,0,0,1,.87.61,1.91,1.91,0,0,1,.35,1.18,2,2,0,0,1-.2.93,1.79,1.79,0,0,1-.51.62,1.88,1.88,0,0,1-.61.28,7.26,7.26,0,0,1-1.23.08h-.84V50H82.6Zm1.23-5v1.71h.66a3.1,3.1,0,0,0,.91-.1.9.9,0,0,0,.39-1.38.81.81,0,0,0-.51-.26,4.31,4.31,0,0,0-.88,0h-.57Z"/><path class="cls-3" d="M88.89,46.91l-1-.18a1.58,1.58,0,0,1,.61-.94,2.22,2.22,0,0,1,1.33-.31,2.84,2.84,0,0,1,1.15.19,1.15,1.15,0,0,1,.53.47,2.29,2.29,0,0,1,.16,1v1.34a5.89,5.89,0,0,0,0,.84,2.6,2.6,0,0,0,.21.59H90.69a1.91,1.91,0,0,0-.1-.34v-.11a2.22,2.22,0,0,1-.62.43,1.92,1.92,0,0,1-.72.14,1.45,1.45,0,0,1-1.14-.36,1.32,1.32,0,0,1-.21-1.58,1.07,1.07,0,0,1,.5-.44,3.61,3.61,0,0,1,.92-.27,6.12,6.12,0,0,0,1.12-.28V47a.57.57,0,0,0-.16-.5,1,1,0,0,0-.61-.15.82.82,0,0,0-.51.12A.84.84,0,0,0,88.89,46.91Zm1.54.94-.7.17a2,2,0,0,0-.62.2.5.5,0,0,0-.22.4.59.59,0,0,0,.17.42.61.61,0,0,0,.47.17,1,1,0,0,0,.61-.2.81.81,0,0,0,.27-.39,2.62,2.62,0,0,0,0-.56v-.21Z"/><path class="cls-3" d="M91.94,45.59h1.23l1,3.08,1-3.08h1.2L94.87,49.8l-.28.77a2.62,2.62,0,0,1-.29.58,1.38,1.38,0,0,1-.28.31,1.35,1.35,0,0,1-.44.2,2.54,2.54,0,0,1-.61.07,3,3,0,0,1-.66-.07l-.14-.88a2.09,2.09,0,0,0,.5,0,.68.68,0,0,0,.61-.24,1.74,1.74,0,0,0,.3-.61Z"/><path class="cls-3" d="M98,49.94v-6h2a7.59,7.59,0,0,1,1.43.1,1.6,1.6,0,0,1,.87.61,1.85,1.85,0,0,1,.35,1.18,2,2,0,0,1-.2.93,1.79,1.79,0,0,1-.51.62,1.88,1.88,0,0,1-.61.28,7.26,7.26,0,0,1-1.23.08H99.2V50H98v0Zm1.23-5v1.71h.67a3.36,3.36,0,0,0,.94-.11.81.81,0,0,0,.37-.36.88.88,0,0,0-.05-1,.81.81,0,0,0-.5-.26,4.31,4.31,0,0,0-.88,0h-.57v0Z"/><path class="cls-3" d="M104.21,46.91l-1-.18a1.58,1.58,0,0,1,.61-.94,2.22,2.22,0,0,1,1.33-.31,2.81,2.81,0,0,1,1.15.19,1.15,1.15,0,0,1,.5.5,2.33,2.33,0,0,1,.16,1v1.37a5.89,5.89,0,0,0,0,.84,2.32,2.32,0,0,0,.22.59H106l-.1-.33v-.14a2,2,0,0,1-.62.43,1.75,1.75,0,0,1-.72.15,1.5,1.5,0,0,1-1-.36,1.35,1.35,0,0,1-.21-1.59,1.25,1.25,0,0,1,.5-.44,4.28,4.28,0,0,1,.93-.26,6.06,6.06,0,0,0,1.1-.26V47a.59.59,0,0,0-.16-.5,1.09,1.09,0,0,0-.61-.15.83.83,0,0,0-.51.13A.78.78,0,0,0,104.21,46.91Zm1.54.94-.7.17a2.25,2.25,0,0,0-.62.2.5.5,0,0,0-.22.4.59.59,0,0,0,.17.42.61.61,0,0,0,.47.17,1.12,1.12,0,0,0,.59-.17.79.79,0,0,0,.28-.39,2.62,2.62,0,0,0,0-.56v-.24h0Z"/><path class="cls-3" d="M107.83,49.94v-6H109v6Z"/></g></g></svg>

















<svg xmlns="http://www.w3.org/2000/svg" xmlns:xlink="http://www.w3.org/1999/xlink" viewBox="0 0 135.9 54.2"><defs><style>.cls-1{fill:#fff;}.cls-2{fill:url(#Безымянный_градиент);}.cls-3{fill:url(#Безымянный_градиент_2);}.cls-4{fill:url(#Безымянный_градиент_3);}.cls-5{fill:url(#Безымянный_градиент_8);}.cls-6{fill:url(#Безымянный_градиент_9);}.cls-7{fill:#6a3736;}.cls-8{fill:url(#Безымянный_градиент_8-2);}.cls-10,.cls-9{fill:#333;stroke:#333;stroke-miterlimit:10;}.cls-9{stroke-width:0.5px;}</style><linearGradient id="Безымянный_градиент" x1="178.44" y1="31.85" x2="199.48" y2="71.02" gradientTransform="matrix(1, 0, 0, -1, -150.59, 70.91)" gradientUnits="userSpaceOnUse"><stop offset="0" stop-color="#636465"/><stop offset="0.03" stop-color="#676869"/><stop offset="0.27" stop-color="#828384"/><stop offset="0.51" stop-color="#969798"/><stop offset="0.75" stop-color="#a1a2a3"/><stop offset="1" stop-color="#a5a6a7"/></linearGradient><linearGradient id="Безымянный_градиент_2" x1="198.28" y1="43.08" x2="171.12" y2="61.06" gradientTransform="matrix(1, 0, 0, -1, -150.59, 70.91)" gradientUnits="userSpaceOnUse"><stop offset="0" stop-color="#c4c5c6"/><stop offset="0.1" stop-color="#dcdddd"/><stop offset="0.21" stop-color="#f0f0f0"/><stop offset="0.32" stop-color="#fbfbfb"/><stop offset="0.7" stop-color="#dfdfe0"/><stop offset="0.91" stop-color="#b9babb"/><stop offset="1" stop-color="#a5a6a7"/></linearGradient><linearGradient id="Безымянный_градиент_3" x1="205.15" y1="37.98" x2="176.49" y2="57.37" gradientTransform="matrix(1, 0, 0, -1, -150.59, 70.91)" gradientUnits="userSpaceOnUse"><stop offset="0" stop-color="#4c4c4e"/><stop offset="0.22" stop-color="#636365"/><stop offset="0.47" stop-color="#767778"/><stop offset="0.73" stop-color="#818283"/><stop offset="1" stop-color="#858687"/></linearGradient><linearGradient id="Безымянный_градиент_8" x1="177.34" y1="39.3" x2="201.85" y2="56.78" gradientTransform="matrix(1, 0, 0, -1, -150.59, 70.91)" gradientUnits="userSpaceOnUse"><stop offset="0" stop-color="#6a3736"/><stop offset="0.61" stop-color="#b24e51"/><stop offset="0.71" stop-color="#ac0335"/><stop offset="1" stop-color="#6b3f4e"/></linearGradient><radialGradient id="Безымянный_градиент_9" cx="186.06" cy="51.97" r="26.05" gradientTransform="matrix(1, 0, 0, -1, -150.59, 70.91)" gradientUnits="userSpaceOnUse"><stop offset="0" stop-color="#b24e51"/><stop offset="0.46" stop-color="#ac0335"/><stop offset="1" stop-color="#6b3f4e"/></radialGradient><linearGradient id="Безымянный_градиент_8-2" x1="170.25" y1="56.12" x2="191.93" y2="31.13" xlink:href="#Безымянный_градиент_8"/></defs><title>Ресурс 1</title><g id="Слой_2" data-name="Слой 2"><g id="Слой_1-2" data-name="Слой 1"><path class="cls-1" d="M1.3,0H134.6a1.32,1.32,0,0,1,1.3,1.3V52.9a1.32,1.32,0,0,1-1.3,1.3H1.3A1.32,1.32,0,0,1,0,52.9V1.3A1.32,1.32,0,0,1,1.3,0Z"/><path class="cls-2" d="M39.41,47.49S17.46,40.07,19.93,9.43A81.64,81.64,0,0,1,39.41,6.71,81.65,81.65,0,0,1,58.9,9.43C61.5,40,39.41,47.49,39.41,47.49Z"/><path class="cls-3" d="M39.41,47.49S17.46,40.07,19.93,9.43A81.64,81.64,0,0,1,39.41,6.71,81.65,81.65,0,0,1,58.9,9.43L57,11.25,39.41,45.54v2Z"/><path class="cls-1" d="M39.41,45.54S19.54,38.79,21.75,11.12A73.18,73.18,0,0,1,39.41,8.65a73.19,73.19,0,0,1,17.67,2.47C59.42,38.79,39.41,45.54,39.41,45.54Z"/><path class="cls-4" d="M21.75,10.86h0l-.13.26c-1.17,14.42,3.76,23,8.05,27.93A24.78,24.78,0,0,0,39.41,46h.26a27.83,27.83,0,0,0,9.88-6.89c4.28-4.68,9.22-13.36,8.05-27.8V11h-.13a70.67,70.67,0,0,0-18.06-2.6A73.11,73.11,0,0,0,21.75,10.86ZM39.67,8.78A77,77,0,0,1,57,11.26c.13,1.43.13,3,.13,4.28,0,11.69-4.29,19-8.19,23.13a25.91,25.91,0,0,1-9.48,6.75,27.57,27.57,0,0,1-9.61-6.75c-3.77-4.16-8-11.44-8-23.13,0-1.29.13-3,.25-4.28A88.71,88.71,0,0,1,39.68,8.78Z"/><path class="cls-5" d="M39.41,42.17s-16.62-6.12-14.8-29.23c0,0,7.42.65,14.8.65a140.75,140.75,0,0,0,14.81-.65C56.17,36.05,39.41,42.17,39.41,42.17Z"/><path class="cls-6" d="M39.52,40.09S25.13,34.77,26.81,14.77c0,0,6.37.49,12.73.49s12.6-.49,12.87-.49C54,34.89,39.52,40.09,39.52,40.09Z"/><path class="cls-7" d="M54.37,12.79a146.15,146.15,0,0,1-14.94.65c-7.42,0-14.81-.65-14.81-.65l2.08,2s6.36.49,12.73.49,12.6-.49,12.87-.49Z"/><path class="cls-8" d="M39.41,42.17s-16.62-6.12-14.8-29.23l2.08,2C25,34.89,39.41,40.22,39.41,40.22v2Z"/><polygon class="cls-1" points="51.49 17.62 41.24 35.8 36.56 35.8 30.97 23.73 35.78 23.73 39.03 31.65 47.08 17.62 51.49 17.62"/><path class="cls-9" d="M67.48,35.55a5.49,5.49,0,0,0-2.08-.39,1.65,1.65,0,0,0-2,1.29h0v.13c0,2.2,5,1.68,5,5.44,0,2.48-1.82,3.38-4.16,3.38A7.76,7.76,0,0,1,61.9,45L62,43.59a5.27,5.27,0,0,0,2.48.49,2.11,2.11,0,0,0,2.2-1.82c0-2.59-4.95-1.81-4.95-5.44,0-2.08,1.69-3.12,3.64-3.12a5.74,5.74,0,0,1,2.48.5Z"/><path class="cls-9" d="M70.59,33.86H77v1.29H72.28v3.37h4.29V40H72.28v3.77H77v1.43h-6.5V33.86Z"/><path class="cls-9" d="M87,35.67A4.93,4.93,0,0,0,84.62,35a4.5,4.5,0,0,0-4.28,4.68A4.59,4.59,0,0,0,84.49,44a7.77,7.77,0,0,0,2.48-.5l.13,1.56a4.43,4.43,0,0,1-2.6.49,5.48,5.48,0,0,1-6-4.95c0-.08,0-.16,0-.24v-.78a5.76,5.76,0,0,1,5.44-6h.5a5.26,5.26,0,0,1,2.47.49v1.56Z"/><path class="cls-9" d="M97.22,40.5c0,3.25-1.68,5-4.41,5s-4.29-1.72-4.29-5V33.73h1.69v6.49c0,2.21.64,3.77,2.72,3.77s2.73-1.43,2.73-3.77V33.73h1.69V40.5Z"/><path class="cls-9" d="M100,33.86h2.73c2.33,0,4.41.39,4.41,3.11a2.66,2.66,0,0,1-2.33,2.6h0a1.6,1.6,0,0,1,1,1.17l2.2,4.55h-1.81l-1.69-3.9a1.6,1.6,0,0,0-1.82-1h-1.17v5.07H100Zm1.56,4.8h1.43c1.56,0,2.47-.65,2.47-1.82s-.77-1.68-2.33-1.68h-1.56v3.51h0Z"/><path class="cls-9" d="M109.8,33.86h6.36v1.29h-4.67v3.37h4.28V40h-4.28v3.77h4.67v1.43H109.8V33.86Z"/><path class="cls-10" d="M92.8,13.59a7.43,7.43,0,0,0-3.37-.8c-1.43,0-3.12.49-3.12,2.33,0,3.51,7.92,2.73,7.92,8.71,0,4-3,5.44-6.63,5.44A16.52,16.52,0,0,1,84,28.5l.12-2.34a10.12,10.12,0,0,0,3.9.91c1.43,0,3.51-.91,3.51-2.86,0-4.15-7.92-2.85-7.92-8.7,0-3.25,2.6-4.95,5.84-4.95a10.44,10.44,0,0,1,3.9.78Z"/><path class="cls-10" d="M79,13.59a7.51,7.51,0,0,0-3.39-.8c-1.43,0-3.12.49-3.12,2.33,0,3.51,7.92,2.73,7.92,8.71,0,4-3,5.44-6.63,5.44a16.77,16.77,0,0,1-3.63-.77l.13-2.34a10,10,0,0,0,3.89.91c1.43,0,3.51-.91,3.51-2.86,0-4.15-7.92-2.85-7.92-8.7,0-3.25,2.6-4.95,5.85-4.95a10.42,10.42,0,0,1,3.89.78Z"/><path class="cls-10" d="M97.61,10.86l2.47-.25V27h7.43v2.21h-9.9V10.87Z"/></g></g></svg>
